(5)

Training error:
[1.91092615732414,
 1.9109281217295266,
 1.9109281130026103,
 1.9109281129902989,
 1.9109281129902855,
 1.9109281129902855,
 1.9109281129902855,
 1.9109281129902855,
 1.9109281129902855,
 1.9109281129902855,
 1.9109281129902855,
 1.9109281129902855,
 1.9109281129902855,
 1.9109281129902855,
 1.9109281129902855]

Training correct:
[33, 33, 33, 33, 33, 33, 33, 33, 33, 33, 33, 33, 33, 33, 33]

Test error:
[1.9191827225685132,
 1.919249742652279,
 1.9192497836016114,
 1.9192497836352782,
 1.919249783635309,
 1.9192497836353115,
 1.9192497836353115,
 1.9192497836353115,
 1.9192497836353115,
 1.9192497836353115,
 1.9192497836353115,
 1.9192497836353115,
 1.9192497836353115,
 1.9192497836353115,
 1.9192497836353115]

Test correct:
[17, 17, 17, 17, 17, 17, 17, 17, 17, 17, 17, 17, 17, 17, 17]
