(6)

Training error:
[1.0978603945164458,
 1.0978897492226267,
 1.097891568467868,
 1.097891605448383,
 1.0978916061942783,
 1.0978916062093553,
 1.0978916062096606,
 1.0978916062096673,
 1.097891606209667,
 1.0978916062096673,
 1.0978916062096673,
 1.0978916062096673,
 1.0978916062096673,
 1.0978916062096673,
 1.0978916062096673]

Training correct:
[33, 33, 33, 33, 33, 33, 33, 33, 33, 33, 33, 33, 33, 33, 33]

Test error:
[1.1018835710978243,
 1.1031078538772434,
 1.1031313957236202,
 1.1031318358327993,
 1.1031318441811315,
 1.1031318443416307,
 1.1031318443447522,
 1.1031318443448124,
 1.1031318443448146,
 1.1031318443448146,
 1.1031318443448146,
 1.1031318443448146,
 1.1031318443448146,
 1.1031318443448146,
 1.1031318443448146]

Test correct:
[17, 17, 17, 17, 17, 17, 17, 17, 17, 17, 17, 17, 17, 17, 17]
