(10)

Training error:
[0.5913950928762326,
 0.4977040709286987,
 0.4376432733778988,
 0.39118903269827743,
 0.3532041370929311,
 0.34041089837682903,
 0.3399196358438287,
 0.3400555314124361,
 0.3412341616408985,
 0.34202390656708376,
 0.3430498962228429,
 0.34249475145980485,
 0.3421598101268292,
 0.3417006338352933,
 0.34233952429383624]

Training correct:
[65, 30, 30, 30, 30, 30, 33, 33, 33, 33, 33, 33, 33, 33, 33]

Test error:
[0.7789168495570497,
 0.6127057083101146,
 0.5098720551496562,
 0.4301118347466165,
 0.366784519899355,
 0.34530813187972476,
 0.34524890037554923,
 0.34599804591466243,
 0.3481687847346746,
 0.34965390200912067,
 0.35149081778937863,
 0.3507097226454181,
 0.3501294307968648,
 0.3492874016039507,
 0.35044004105840887]

Test correct:
[35, 20, 20, 20, 20, 20, 17, 17, 17, 17, 17, 17, 17, 17, 17]
