(3)

Training error:
[1.8524910333322142,
 2.0598310577877728,
 2.057939407512408,
 2.054674630318656,
 2.023936880475182,
 2.170800056625196,
 1.2666769630430041,
 1.114977094967533,
 1.0546347142270682,
 1.0226542072356244,
 1.0027999156295482,
 0.9892904411343215,
 0.9795116363630131,
 0.9719553639611375,
 0.9652283721054262]

Training correct:
[30, 33, 33, 33, 33, 33, 65, 62, 62, 65, 65, 65, 65, 65, 65]

Test error:
[1.8412155370924925,
 2.0738956457705893,
 2.0651835112020476,
 2.0627102215395867,
 2.0399483224459907,
 2.177695518670805,
 1.2808259420232904,
 1.1260185080217953,
 1.066698805050285,
 1.0357969246744323,
 1.0167497814357356,
 1.003752332805673,
 0.9941810271558066,
 0.9865879002863001,
 0.9799852551205153]

Test correct:
[20, 17, 17, 17, 17, 17, 35, 38, 38, 35, 35, 35, 35, 35, 35]
