(11)

Training error:
[0.33347530068262216,
 0.33323889905116255,
 0.33308542132300833,
 0.33291351836620636,
 0.332720794573572,
 0.3325469344755845,
 0.3323014840487063,
 0.33199355029838395,
 0.3315091205566679,
 0.3308907334249756,
 0.3301858593303102,
 0.3289876384223017,
 0.32732256634627516,
 0.3254148423612445,
 0.32265993605163046]

Training correct:
[33, 33, 33, 33, 33, 33, 33, 33, 33, 33, 33, 33, 33, 33, 65]

Test error:
[0.3339479607686404,
 0.33412934404869354,
 0.3341730943484378,
 0.33394358831904936,
 0.33359846482990807,
 0.3337719385135299,
 0.3333022578386335,
 0.33310269350143673,
 0.33257779518053254,
 0.3318273704995772,
 0.33106190164068583,
 0.329657155620862,
 0.3279212285796477,
 0.3258314674745169,
 0.32302893564006097]

Test correct:
[17, 17, 17, 17, 17, 17, 17, 17, 17, 17, 17, 17, 17, 17, 34]
