(9)

Training error:
[0.45886398333113254,
 0.396623357612462,
 0.35964315066025077,
 0.34262845791173324,
 0.3341612302254376,
 0.3294987724480264,
 0.3266100283714264,
 0.3246207815335592,
 0.3231794951679037,
 0.3221101647238849,
 0.3213076417081684,
 0.3207007860256327,
 0.32023794744722905,
 0.3198807020878355,
 0.3196005230464391]

Training correct:
[30, 31, 62, 62, 62, 62, 62, 62, 62, 62, 62, 63, 66, 71, 74]

Test error:
[0.5509298016398527,
 0.4441627862193589,
 0.38666765720485874,
 0.36158436118873444,
 0.35010483170635776,
 0.34509465468848194,
 0.3430922517975508,
 0.34246860387826106,
 0.3425544533429334,
 0.3430183499957253,
 0.34366623702130267,
 0.3443769166605408,
 0.34507545382704646,
 0.3457187003821496,
 0.3462854182042949]

Test correct:
[18, 20, 38, 38, 38, 38, 38, 38, 38, 38, 39, 39, 42, 44, 47]
