(12)

Training error:
[0.33367633631232363,
 0.3335323284346217,
 0.3331794860085727,
 0.3330768896662737,
 0.33298805765748696,
 0.33315386617663567,
 0.333194174644207,
 0.33301288985507005,
 0.3325241756638963,
 0.33201278504439324,
 0.33209689482457605,
 0.3315237598801751,
 0.33050399472117237,
 0.32992307432968443,
 0.32838130199332843]

Training correct:
[33, 33, 33, 33, 33, 32, 33, 33, 33, 33, 33, 65, 65, 33, 33]

Test error:
[0.33433896174648303,
 0.33415883601130053,
 0.3350008327620965,
 0.3341877903700486,
 0.33431159266202093,
 0.33413066571462674,
 0.334536011762568,
 0.3344514717084916,
 0.3340444336392376,
 0.33306781412373687,
 0.3347133174769488,
 0.33311634963351633,
 0.3312425616665525,
 0.3303048013125415,
 0.3283137899942091]

Test correct:
[17, 17, 17, 17, 17, 18, 17, 17, 17, 17, 17, 35, 35, 17, 17]
