(4)

Training error:
[1.0725541578143791,
 0.7394112289313796,
 0.6205618473893993,
 0.5670736844143868,
 0.5333770349417168,
 0.5023152528399535,
 0.49562244982507925,
 1.2091077532521282,
 0.49592096704205896,
 0.48173436665888425,
 0.47309096708430104,
 0.4770244676853983,
 0.4717382886946809,
 0.6019085508620811,
 0.7069201479995411]

Training correct:
[33, 65, 85, 93, 88, 81, 83, 30, 65, 65, 65, 71, 65, 51, 64]

Test error:
[1.0757367096860873,
 0.7407176979301714,
 0.6257845728763476,
 0.5731784036177967,
 0.5400095734834602,
 0.5103342513102356,
 0.5032223921305505,
 1.1812599586019914,
 0.5043047769714374,
 0.4891587734007492,
 0.4792400201756988,
 0.48383236398860735,
 0.47838614104716326,
 0.5645536611524726,
 0.7042809318381614]

Test correct:
[17, 40, 52, 54, 54, 51, 51, 20, 35, 35, 35, 46, 35, 29, 40]
