(2)

Training error:
[1.8603802674198153,
 1.460606534019205,
 1.2667163241805766,
 1.157146339882345,
 1.0668798505712163,
 1.0269316288572257,
 1.0030159043215205,
 0.9876051818657172,
 0.9772276017636307,
 0.9690604086884841,
 0.9623999454604479,
 0.9564443218222217,
 0.9519759891060913,
 0.9459190082319816,
 0.9566747295347074]

Training correct:
[33, 69, 92, 65, 65, 65, 65, 65, 65, 65, 64, 64, 64, 64, 64]

Test error:
[1.86801026041802,
 1.4660555356377223,
 1.2774861545892018,
 1.1718471307186424,
 1.086639159620854,
 1.0468525231446604,
 1.0230817418856184,
 1.008345450466028,
 0.999039774981281,
 0.9916782036368461,
 0.9856464279019425,
 0.9800468983199269,
 0.9761371328834577,
 0.969683184172588,
 0.9846220534440595]

Test correct:
[18, 44, 54, 35, 35, 35, 35, 35, 35, 35, 35, 35, 34, 35, 34]
