(1)

Training error:
[0.3392795030659105,
 0.3332680387432046,
 0.33169864345910943,
 0.3280047701277544,
 0.3105024143021552,
 0.2822226213778409,
 0.26185308519985034,
 0.24637620748622577,
 0.23397287354343002,
 0.2240389321795399,
 0.21604989548512998,
 0.20957620155325693,
 0.2042808031846783,
 0.19990418595499362,
 0.1962475462149834]

Training correct:
[21, 33, 33, 33, 65, 64, 65, 64, 65, 67, 70, 73, 81, 94, 65]

Test error:
[0.34444833747414394,
 0.3357508215659017,
 0.33331819877313307,
 0.32931297694327877,
 0.311452504680719,
 0.28266644748693787,
 0.2622221163236103,
 0.24693122708939252,
 0.23484243915532602,
 0.22523745295521982,
 0.2175515310927702,
 0.21134700807259035,
 0.20628846293823358,
 0.2021204428263281,
 0.19864854335473608]

Test correct:
[15, 17, 17, 17, 35, 39, 40, 40, 41, 41, 44, 47, 52, 54, 35]
