(7)

Training error:
[0.33443116540231776,
 0.33175799332119593,
 0.2888319510914468,
 0.2187945048778968,
 0.19532043187167236,
 0.1855297148025347,
 0.18041560683139668,
 0.17730855793255562,
 0.17523125989906965,
 0.17375076811304133,
 0.172645711732782,
 0.17179130790365216,
 0.17111209145146636,
 0.17055987550890314,
 0.17010251863919207]

Training correct:
[32, 33, 62, 62, 65, 65, 65, 65, 65, 65, 65, 65, 65, 65, 65]

Test error:
[0.3363579316611686,
 0.33326213908032815,
 0.28986158907272574,
 0.21994496188727217,
 0.1975753300018062,
 0.1885132641215318,
 0.18380157993229201,
 0.18092380021642965,
 0.17898859908100612,
 0.1776028110886066,
 0.17656425232755787,
 0.1757584405091967,
 0.1751159110291929,
 0.17459216589672671,
 0.1741574243227054]

Test correct:
[18, 17, 38, 38, 35, 35, 35, 35, 35, 35, 35, 35, 35, 35, 35]
