(8)

Training error:
[1.563233530176793,
 1.7700632291151863,
 1.5001812828566978,
 1.5570778587128011,
 1.4008025521130152,
 1.7515323812802583,
 1.6150277986763806,
 1.61285966870343,
 1.513455038718176,
 1.7513250580269917,
 1.449075488504674,
 1.5583532379240324,
 1.457979159721083,
 1.5744366295562346,
 1.4493281226024086]

Training correct:
[33, 33, 33, 33, 33, 33, 30, 33, 33, 33, 33, 33, 33, 33, 33]

Test error:
[1.6447817575121673,
 1.844984887702774,
 1.5351845062571425,
 1.5640765578671585,
 1.4146963617649189,
 1.8225619187762778,
 1.5628155809926998,
 1.64503349929495,
 1.5728424445902927,
 1.8214007989695085,
 1.4702886010586251,
 1.5650625173909327,
 1.502120239185993,
 1.5905691516276226,
 1.4643254632786842]

Test correct:
[17, 17, 17, 17, 17, 17, 20, 17, 17, 17, 17, 17, 17, 17, 17]
